              precision    recall  f1-score   support

           0       1.00      1.00      1.00        14
           1       1.00      1.00      1.00         5
           2       1.00      1.00      1.00         1
           3       1.00      1.00      1.00         4
           4       1.00      1.00      1.00         1
           5       1.00      1.00      1.00         5
           6       1.00      1.00      1.00         5
           7       1.00      1.00      1.00         1
           8       0.33      1.00      0.50         1
           9       1.00      1.00      1.00        64
          10       1.00      0.85      0.92        13
          12       1.00      1.00      1.00         3
          13       1.00      1.00      1.00         1
          15       1.00      1.00      1.00         1
          16       1.00      1.00      1.00         1
          17       1.00      1.00      1.00         2
          18       1.00      1.00      1.00         2
          20       1.00      1.00      1.00        11
          22       1.00      1.00      1.00         1
          23       1.00      1.00      1.00         3
          24       1.00      1.00      1.00         6
          25       1.00      1.00      1.00       209
          26       1.00      1.00      1.00        22
          28       1.00      1.00      1.00        13
          29       1.00      1.00      1.00         4
          30       1.00      1.00      1.00         6
          31       1.00      1.00      1.00         4
          32       1.00      1.00      1.00         5
          33       1.00      1.00      1.00         1
          34       1.00      1.00      1.00         5
          35       1.00      1.00      1.00        33
          36       1.00      1.00      1.00         1
          37       1.00      1.00      1.00        15
          38       1.00      1.00      1.00         4
          39       1.00      1.00      1.00         1
          40       1.00      1.00      1.00         1
          41       1.00      1.00      1.00         2
          42       1.00      1.00      1.00         4
          44       1.00      1.00      1.00        23
          45       1.00      1.00      1.00         6
          46       1.00      1.00      1.00        82
          47       1.00      1.00      1.00         4
          48       1.00      1.00      1.00        30
          49       1.00      1.00      1.00         4
          50       1.00      1.00      1.00         2
          51       1.00      1.00      1.00         7
          52       1.00      1.00      1.00         1
          53       0.71      1.00      0.83         5
          54       1.00      1.00      1.00        11
          55       1.00      1.00      1.00        11
          56       1.00      1.00      1.00         4
          57       1.00      1.00      1.00         3
          58       1.00      1.00      1.00         6
          59       1.00      1.00      1.00         2
          60       1.00      1.00      1.00         6
          61       1.00      1.00      1.00         5
          62       1.00      1.00      1.00         1
          63       1.00      1.00      1.00         1
          65       1.00      1.00      1.00        14
          66       1.00      1.00      1.00         5
          67       1.00      1.00      1.00         9
          68       1.00      1.00      1.00         2
          69       1.00      1.00      1.00         4
          70       1.00      1.00      1.00         1
          71       1.00      1.00      1.00         1
          72       1.00      1.00      1.00         8
          73       1.00      1.00      1.00       140
          74       1.00      1.00      1.00        31
          75       1.00      1.00      1.00         1
          76       1.00      1.00      1.00         1
          77       1.00      1.00      1.00         3
          78       1.00      1.00      1.00         3
          79       1.00      1.00      1.00         1
          80       1.00      1.00      1.00         2
          81       1.00      1.00      1.00         2
          82       1.00      1.00      1.00         7
          83       1.00      1.00      1.00        18
          84       1.00      1.00      1.00         6
          85       1.00      1.00      1.00       117
          86       1.00      1.00      1.00        14
          87       1.00      1.00      1.00        21
          89       1.00      0.80      0.89        10
          90       1.00      1.00      1.00        23
          91       1.00      1.00      1.00         1
          92       1.00      1.00      1.00         5
          93       1.00      1.00      1.00         1
          94       1.00      1.00      1.00         1
          95       1.00      1.00      1.00         1
          99       1.00      1.00      1.00         9
         100       1.00      1.00      1.00         8
         102       1.00      1.00      1.00        12
         103       1.00      1.00      1.00         4
         104       1.00      1.00      1.00         1
         105       1.00      1.00      1.00         1
         106       1.00      1.00      1.00         6
         107       1.00      1.00      1.00         1
         108       1.00      1.00      1.00         2
         109       1.00      1.00      1.00         1
         110       1.00      1.00      1.00         2
         111       1.00      1.00      1.00         7
         112       1.00      1.00      1.00        22
         113       1.00      1.00      1.00         2
         114       1.00      1.00      1.00         3
         115       1.00      1.00      1.00         1
         116       1.00      1.00      1.00         9
         117       1.00      1.00      1.00         3
         119       1.00      1.00      1.00         2
         120       1.00      1.00      1.00        19
         121       1.00      1.00      1.00         1
         122       1.00      1.00      1.00         7
         123       1.00      1.00      1.00         1
         124       1.00      1.00      1.00         2
         125       1.00      1.00      1.00         6
         126       1.00      1.00      1.00        17
         127       1.00      1.00      1.00         2
         128       1.00      1.00      1.00         1
         129       1.00      1.00      1.00         4
         130       1.00      1.00      1.00       124
         131       1.00      1.00      1.00         4
         132       1.00      1.00      1.00        10
         133       1.00      1.00      1.00        12
         134       1.00      1.00      1.00         5
         135       1.00      1.00      1.00         3
         136       1.00      1.00      1.00         1
         137       1.00      1.00      1.00         5
         138       1.00      1.00      1.00         1
         139       1.00      1.00      1.00        36
         140       1.00      1.00      1.00         6
         141       1.00      1.00      1.00         5
         142       1.00      1.00      1.00         6
         143       1.00      1.00      1.00         1
         144       1.00      1.00      1.00         2
         145       1.00      1.00      1.00         1
         146       1.00      1.00      1.00         2
         147       1.00      1.00      1.00         7
         148       1.00      1.00      1.00         1
         149       1.00      1.00      1.00        13
         150       1.00      1.00      1.00         1
         151       1.00      1.00      1.00         4
         152       1.00      1.00      1.00         2
         153       1.00      1.00      1.00         8
         154       1.00      1.00      1.00         1
         155       1.00      1.00      1.00         7
         156       1.00      1.00      1.00         2
         157       1.00      1.00      1.00         4
         158       1.00      1.00      1.00         5
         159       1.00      1.00      1.00         8
         160       1.00      1.00      1.00         2
         161       1.00      1.00      1.00         1
         162       1.00      1.00      1.00         6
         163       1.00      1.00      1.00        11
         164       1.00      1.00      1.00         1
         165       1.00      1.00      1.00         9
         166       1.00      1.00      1.00        21
         167       1.00      1.00      1.00        65
         168       1.00      1.00      1.00         2
         169       1.00      1.00      1.00         8
         170       1.00      1.00      1.00         4
         172       1.00      1.00      1.00         1
         173       1.00      1.00      1.00         5
         174       1.00      1.00      1.00         8
         175       1.00      1.00      1.00        22
         176       1.00      1.00      1.00         2
         177       1.00      1.00      1.00        16
         178       1.00      1.00      1.00        23
         179       1.00      1.00      1.00        10
         180       1.00      1.00      1.00         1
         181       1.00      1.00      1.00        11
         182       1.00      1.00      1.00         8
         183       1.00      1.00      1.00         1
         184       1.00      1.00      1.00       115
         185       1.00      1.00      1.00        18
         186       1.00      1.00      1.00         6
         187       1.00      1.00      1.00         1
         188       1.00      1.00      1.00        30
         189       1.00      1.00      1.00        10
         190       1.00      1.00      1.00         5
         191       1.00      1.00      1.00         1
         192       1.00      1.00      1.00         3
         193       1.00      1.00      1.00         1
         194       1.00      1.00      1.00         3
         195       1.00      1.00      1.00        27
         196       1.00      1.00      1.00         5
         197       1.00      1.00      1.00         2
         198       1.00      1.00      1.00         2
         199       1.00      1.00      1.00         3
         200       1.00      1.00      1.00         7
         201       1.00      1.00      1.00         2
         202       1.00      1.00      1.00       121
         203       1.00      1.00      1.00        28
         204       1.00      1.00      1.00         2
         205       1.00      1.00      1.00         5
         206       1.00      1.00      1.00         1
         207       1.00      1.00      1.00         1
         208       1.00      1.00      1.00         5
         209       1.00      1.00      1.00       125
         210       1.00      1.00      1.00         4
         211       1.00      1.00      1.00         5
         212       1.00      1.00      1.00         4
         213       1.00      1.00      1.00         2
         214       1.00      1.00      1.00         1
         215       1.00      1.00      1.00         2
         216       1.00      1.00      1.00         1
         217       1.00      1.00      1.00        34
         218       1.00      1.00      1.00        16
         219       1.00      1.00      1.00         2
         220       1.00      1.00      1.00        28
         221       1.00      1.00      1.00         1
         222       1.00      1.00      1.00        20
         223       1.00      1.00      1.00         7
         224       1.00      1.00      1.00        11
         226       1.00      1.00      1.00         1
         227       1.00      1.00      1.00         2
         228       1.00      1.00      1.00        29
         229       1.00      1.00      1.00         2
         230       1.00      1.00      1.00        12
         231       1.00      1.00      1.00        15
         232       1.00      1.00      1.00         1
         233       1.00      1.00      1.00         1
         234       1.00      1.00      1.00         3
         235       1.00      1.00      1.00         2
         236       1.00      1.00      1.00         1
         237       1.00      1.00      1.00         1
         238       1.00      1.00      1.00        64
         239       1.00      1.00      1.00         1
         240       1.00      1.00      1.00        11
         241       1.00      1.00      1.00        18
         242       1.00      1.00      1.00        16
         243       1.00      1.00      1.00        13
         244       1.00      1.00      1.00         3
         246       1.00      1.00      1.00        13
         247       1.00      1.00      1.00        25
         248       1.00      1.00      1.00        10
         249       1.00      1.00      1.00         1
         250       1.00      1.00      1.00         5
         251       1.00      1.00      1.00        11
         252       1.00      1.00      1.00        17
         253       1.00      1.00      1.00         3
         254       1.00      1.00      1.00        10
         255       1.00      1.00      1.00         1
         256       1.00      1.00      1.00         7
         257       1.00      1.00      1.00         6
         258       1.00      1.00      1.00         1
         260       1.00      1.00      1.00         1
         261       1.00      1.00      1.00         7
         262       1.00      1.00      1.00         3
         263       1.00      1.00      1.00         3
         264       1.00      1.00      1.00         2
         265       1.00      1.00      1.00         2
         266       1.00      1.00      1.00        23
         267       1.00      1.00      1.00        11
         268       1.00      1.00      1.00         3
         269       1.00      1.00      1.00         1
         270       1.00      1.00      1.00        11
         271       1.00      1.00      1.00        64
         272       1.00      1.00      1.00        15
         273       1.00      1.00      1.00        12
         274       1.00      1.00      1.00         1
         275       1.00      1.00      1.00        12
         276       1.00      1.00      1.00         3
         277       1.00      1.00      1.00         3
         278       1.00      1.00      1.00       113
         279       1.00      1.00      1.00         6
         280       1.00      1.00      1.00         3
         281       1.00      1.00      1.00         4
         282       1.00      1.00      1.00        24
         283       1.00      1.00      1.00         6
         284       1.00      1.00      1.00       153
         285       1.00      1.00      1.00         1
         286       1.00      1.00      1.00         6
         287       1.00      1.00      1.00         5
         288       1.00      1.00      1.00        22
         289       1.00      1.00      1.00         1
         290       1.00      1.00      1.00         4
         291       1.00      1.00      1.00         1
         292       1.00      1.00      1.00        11
         293       1.00      1.00      1.00         3
         294       1.00      1.00      1.00         1
         295       1.00      1.00      1.00         5
         296       1.00      1.00      1.00        16
         297       1.00      1.00      1.00        19
         298       1.00      1.00      1.00         3
         299       1.00      1.00      1.00        16
         300       1.00      1.00      1.00         5
         301       1.00      1.00      1.00        64
         302       1.00      1.00      1.00         4
         304       1.00      1.00      1.00         2
         305       1.00      1.00      1.00        18
         306       1.00      1.00      1.00        64
         307       1.00      1.00      1.00       144
         308       1.00      1.00      1.00         6
         309       1.00      1.00      1.00         3
         310       1.00      1.00      1.00        10
         311       1.00      1.00      1.00        38
         312       1.00      1.00      1.00        17
         313       1.00      1.00      1.00         6
         314       1.00      1.00      1.00        13
         315       1.00      1.00      1.00        35
         316       1.00      1.00      1.00        26
         317       1.00      1.00      1.00        64
         318       1.00      1.00      1.00        14
         319       1.00      1.00      1.00       153
         320       1.00      1.00      1.00        18
         321       1.00      1.00      1.00         8
         322       1.00      1.00      1.00         3
         323       1.00      1.00      1.00         2
         324       1.00      1.00      1.00        35
         325       1.00      1.00      1.00        34
         326       1.00      1.00      1.00         7
         327       1.00      1.00      1.00        64
         328       1.00      1.00      1.00        28
         329       1.00      1.00      1.00         9
         330       1.00      1.00      1.00        24
         331       1.00      1.00      1.00         3
         332       1.00      1.00      1.00         3
         333       1.00      1.00      1.00        64
         334       1.00      1.00      1.00       115
         335       1.00      1.00      1.00        15
         336       1.00      1.00      1.00         2
         337       1.00      1.00      1.00        12
         338       1.00      1.00      1.00         1
         339       1.00      1.00      1.00         2
         340       1.00      1.00      1.00        64
         341       1.00      1.00      1.00       112
         342       1.00      1.00      1.00         8
         343       1.00      1.00      1.00        11
         344       1.00      1.00      1.00         6
         345       1.00      1.00      1.00        64
         346       1.00      1.00      1.00        27
         347       1.00      1.00      1.00         8
         348       1.00      1.00      1.00        16
         349       1.00      1.00      1.00        64
         350       1.00      1.00      1.00        17
         351       1.00      1.00      1.00         9
         352       1.00      1.00      1.00        13
         353       1.00      1.00      1.00         3
         354       1.00      1.00      1.00       135
         355       1.00      1.00      1.00         5
         356       1.00      1.00      1.00       214
         357       1.00      1.00      1.00        19
         358       1.00      1.00      1.00        14
         359       1.00      1.00      1.00         5
         360       1.00      1.00      1.00        32
         361       1.00      1.00      1.00         1
         362       1.00      1.00      1.00         6
         363       1.00      1.00      1.00        20
         364       1.00      1.00      1.00       172
         365       1.00      1.00      1.00         8
         366       1.00      1.00      1.00         1
         367       1.00      1.00      1.00         5
         368       1.00      1.00      1.00         7
         369       1.00      1.00      1.00        32
         370       1.00      1.00      1.00        64

    accuracy       0.97453 ( 97.453 %)                   
   macro avg       1.00      1.00      1.00      5693
weighted avg       1.00      1.00      1.00      5693
